28
0 1297 1276 1151 1368 1169 1152 1168 841 1506 1532 851 936 1255 1454 835 880 1217 1055 1286 943 1016 1499 959 1314 941 891 935 
1297 0 1540 1373 1202 1370 1078 1301 1273 1048 1153 921 1544 1421 1440 840 1150 1258 1112 1249 1566 970 1070 1157 1200 1381 1264 889 
1276 1540 0 814 1087 907 1372 815 1226 1099 1563 988 962 1350 784 967 994 1334 1210 794 1183 976 1354 1137 1416 925 1477 1187 
1151 1373 814 0 1162 1291 1068 1278 1491 901 1020 1184 1172 848 1062 1565 788 800 1462 1257 1234 1155 1283 1302 985 1539 789 1282 
1368 1202 1087 1162 0 1555 1012 875 1343 1195 1000 1281 1329 1260 822 1269 1412 1039 1519 1353 1193 1512 1135 860 1445 1125 1485 1120 
1169 1370 907 1291 1555 0 846 1090 1182 1438 845 1233 864 1371 1505 1547 884 1001 1250 1108 1166 1259 1221 854 1043 1097 992 1461 
1152 1078 1372 1068 1012 846 0 1009 817 919 1022 1476 1007 1463 1246 1450 1083 1417 1267 1395 1045 965 1335 1019 1422 1279 856 1472 
1168 1301 815 1278 875 1090 1009 0 1360 905 797 1088 920 1425 1028 863 1339 1138 1326 897 876 1447 1543 1253 1046 1420 829 1191 
841 1273 1226 1491 1343 1182 817 1360 0 1407 881 939 1069 1230 1362 1488 1121 1409 1214 1272 804 906 1245 1475 1042 1238 997 1548 
1506 1048 1099 901 1195 1438 919 905 1407 0 1427 1216 1363 1310 981 1034 1292 1312 1146 1161 842 1224 1114 825 1524 865 1030 1468 
1532 1153 1563 1020 1000 845 1022 797 881 1427 0 996 1526 796 867 1208 995 1178 1072 1386 1041 1231 972 1105 1023 1480 896 1456 
851 921 988 1184 1281 1233 1476 1088 939 1216 996 0 885 1470 1275 1556 1487 1344 1510 870 1086 826 1503 1004 1174 1089 1144 1308 
936 1544 962 1172 1329 864 1007 920 1069 1363 1526 885 0 1147 1530 1173 999 931 1304 1015 1064 1225 1509 1357 1337 929 1449 827 
1255 1421 1350 848 1260 1371 1463 1425 1230 1310 796 1470 1147 0 1177 805 1533 1433 1075 1534 832 1066 928 922 1220 1126 795 916 
1454 1440 784 1062 822 1505 1246 1028 1362 981 867 1275 1530 1177 0 1149 1542 1467 1500 888 904 1128 893 1451 971 1175 873 1228 
835 840 967 1565 1269 1547 1450 863 1488 1034 1208 1556 1173 805 1149 0 1201 798 1036 903 1079 1316 1513 1497 1455 1303 1560 1394 
880 1150 994 788 1412 884 1083 1339 1121 1292 995 1487 999 1533 1542 1201 0 1110 1103 1327 1328 1131 1352 1219 1051 1011 1213 809 
1217 1258 1334 800 1039 1001 1417 1138 1409 1312 1178 1344 931 1433 1467 798 1110 0 1222 1523 1322 991 866 1403 1359 975 1527 878 
1055 1112 1210 1462 1519 1250 1267 1326 1214 1146 1072 1510 1304 1075 1500 1036 1103 1222 0 850 1486 1331 1498 887 1133 1049 1242 1081 
1286 1249 794 1257 1353 1108 1395 897 1272 1161 1386 870 1015 1534 888 903 1327 1523 850 0 883 1119 1265 1294 1369 1402 1035 1313 
943 1566 1183 1234 1193 1166 1045 876 804 842 1041 1086 1064 832 904 1079 1328 1322 1486 883 0 1073 1400 1365 793 802 1452 918 
1016 970 976 1155 1512 1259 965 1447 906 1224 1231 826 1225 1066 1128 1316 1131 991 1331 1119 1073 0 1063 877 898 1018 933 1248 
1499 1070 1354 1283 1135 1221 1335 1543 1245 1114 972 1503 1509 928 893 1513 1352 866 1498 1265 1400 1063 0 1123 1223 823 953 1229 
959 1157 1137 1302 860 854 1019 1253 1475 825 1105 1004 1357 922 1451 1497 1219 1403 887 1294 1365 877 1123 0 847 1377 993 1439 
1314 1200 1416 985 1445 1043 1422 1046 1042 1524 1023 1174 1337 1220 971 1455 1051 1359 1133 1369 793 898 1223 847 0 1032 947 1271 
941 1381 925 1539 1125 1097 1279 1420 1238 865 1480 1089 929 1126 1175 1303 1011 975 1049 1402 802 1018 823 1377 1032 0 1212 1464 
891 1264 1477 789 1485 992 856 829 997 1030 896 1144 1449 795 873 1560 1213 1527 1242 1035 1452 933 953 993 947 1212 0 940 
935 889 1187 1282 1120 1461 1472 1191 1548 1468 1456 1308 827 916 1228 1394 809 878 1081 1313 918 1248 1229 1439 1271 1464 940 0 
