26
0 1247 1299 847 711 1070 1090 1098 1302 1217 1004 1061 876 879 735 1003 1316 1117 1126 687 976 1257 1154 1042 1314 1313 
1247 0 1332 1161 1230 685 1331 891 1213 791 1148 1303 1114 1179 812 962 983 1072 741 1249 1059 1335 1001 1252 1265 790 
1299 1332 0 828 1175 896 881 864 756 894 1137 964 1027 1298 977 824 1277 1069 1285 991 957 882 1177 1076 1104 868 
847 1161 828 0 773 740 1283 853 707 1024 1208 1025 1136 767 1094 1333 865 1055 1261 710 1130 1274 956 1339 1254 1188 
711 1230 1175 773 0 1145 909 880 1183 1269 1124 893 1100 926 1121 848 978 792 1320 1289 808 765 690 681 718 1089 
1070 685 896 740 1145 0 696 1284 1084 1123 850 1211 820 818 1180 916 1096 898 1191 837 1107 946 704 935 1105 841 
1090 1331 881 1283 909 696 0 1216 846 1067 928 1281 1215 802 998 1139 817 1340 1033 917 1325 1164 734 1022 1324 822 
1098 891 864 853 880 1284 1216 0 887 827 1141 1165 1065 1236 1109 1207 913 997 805 1352 1292 874 959 1169 912 999 
1302 1213 756 707 1183 1084 846 887 0 1347 1019 751 1160 1108 755 1152 693 719 830 794 987 753 929 1112 744 1157 
1217 791 894 1024 1269 1123 1067 827 1347 0 1306 1044 676 989 1200 1198 1218 739 1260 930 748 1267 1038 1318 1017 889 
1004 1148 1137 1208 1124 850 928 1141 1019 1306 0 1128 945 732 944 1103 804 1120 885 1245 875 1150 844 1222 938 1086 
1061 1303 964 1025 893 1211 1281 1165 751 1044 1128 0 958 1060 1282 684 1110 903 899 1238 920 784 1111 1256 1221 1350 
876 1114 1027 1136 1100 820 1215 1065 1160 676 945 958 0 813 994 1135 761 717 914 852 1066 1078 679 1016 1244 1195 
879 1179 1298 767 926 818 802 1236 1108 989 732 1060 813 0 925 686 705 858 1193 870 1119 855 1047 1095 768 1290 
735 812 977 1094 1121 1180 998 1109 755 1200 944 1282 994 925 0 1336 919 747 1295 823 1133 1058 1327 1255 1002 759 
1003 962 824 1333 848 916 1139 1207 1152 1198 1103 684 1135 686 1336 0 1187 702 1162 973 904 1351 1345 749 1226 1202 
1316 983 1277 865 978 1096 817 913 693 1218 804 1110 761 705 919 1187 0 1232 1057 1159 1118 1220 786 720 776 737 
1117 1072 1069 1055 792 898 1340 997 719 739 1120 903 717 858 747 702 1232 0 1209 1056 963 1246 1093 1253 1287 1263 
1126 741 1285 1261 1320 1191 1033 805 830 1260 885 899 914 1193 1295 1162 1057 1209 0 1348 788 1205 807 931 1312 911 
687 1249 991 710 1289 837 917 1352 794 930 1245 1238 852 870 823 973 1159 1056 1348 0 1073 869 1018 797 1140 750 
976 1059 957 1130 808 1107 1325 1292 987 748 875 920 1066 1119 1133 904 1118 963 788 1073 0 1035 800 815 706 910 
1257 1335 882 1274 765 946 1164 874 753 1267 1150 784 1078 855 1058 1351 1220 1246 1205 869 1035 0 1034 907 1040 1041 
1154 1001 1177 956 690 704 734 959 929 1038 844 1111 679 1047 1327 1345 786 1093 807 1018 800 1034 0 862 1023 1185 
1042 1252 1076 1339 681 935 1022 1169 1112 1318 1222 1256 1016 1095 1255 749 720 1253 931 797 815 907 862 0 1063 1311 
1314 1265 1104 1254 718 1105 1324 912 744 1017 938 1221 1244 768 1002 1226 776 1287 1312 1140 706 1040 1023 1063 0 1178 
1313 790 868 1188 1089 841 822 999 1157 889 1086 1350 1195 1290 759 1202 737 1263 911 750 910 1041 1185 1311 1178 0 
