24
7
0 8649 11919 7042 2494 5792 9499 3108 1363 10951 7311 3384 11745 9151 9014 9724 3873 3914 5269 1161 10646 4270 1860 6794
8649 0 5098 2991 7117 3677 2678 6583 8238 4130 1996 7199 4924 2330 2193 2903 6152 6601 4004 9352 3825 4791 8259 2225
11919 5098 0 6261 10387 6947 2938 9853 11508 2708 5266 10469 1166 4614 4231 2595 9422 9871 7274 12622 1601 8061 11529 5495
7042 2991 6261 0 5510 2070 3841 4976 6631 5293 1653 5592 6087 3493 3356 4066 4545 4994 2397 7745 4988 3184 6652 1136
2494 7117 10387 5510 0 4260 7967 1576 2083 9419 5779 1852 10213 7619 7482 8192 2341 2382 3737 3197 9114 2738 2104 5262
5792 3677 6947 2070 4260 0 4527 3726 5381 5979 2339 4342 6773 4179 4042 4752 3295 3744 1147 6495 5674 1934 5402 1822
9499 2678 2938 3841 7967 4527 0 7433 9088 1970 2846 8049 2764 2194 1811 743 7002 7451 4854 10202 1665 5641 9109 3075
3108 6583 9853 4976 1576 3726 7433 0 2697 8885 5245 1658 9679 7085 6948 7658 1807 1848 3203 3811 8580 2204 2718 4728
1363 8238 11508 6631 2083 5381 9088 2697 0 10540 6900 2973 11334 8740 8603 9313 3462 3503 4858 2066 10235 3859 1449 6383
10951 4130 2708 5293 9419 5979 1970 8885 10540 0 4298 9501 2534 3646 3263 1627 8454 8903 6306 11654 1435 7093 10561 4527
7311 1996 5266 1653 5779 2339 2846 5245 6900 4298 0 5861 5092 2498 2361 3071 4814 5263 2666 8014 3993 3453 6921 887
3384 7199 10469 5592 1852 4342 8049 1658 2973 9501 5861 0 10295 7701 7564 8274 2423 2464 3819 4087 9196 2820 2994 5344
11745 4924 1166 6087 10213 6773 2764 9679 11334 2534 5092 10295 0 4440 4057 2421 9248 9697 7100 12448 1427 7887 11355 5321
9151 2330 4614 3493 7619 4179 2194 7085 8740 3646 2498 7701 4440 0 1709 2419 6654 7103 4506 9854 3341 5293 8761 2727
9014 2193 4231 3356 7482 4042 1811 6948 8603 3263 2361 7564 4057 1709 0 2036 6517 6966 4369 9717 2958 5156 8624 2590
9724 2903 2595 4066 8192 4752 743 7658 9313 1627 3071 8274 2421 2419 2036 0 7227 7676 5079 10427 1322 5866 9334 3300
3873 6152 9422 4545 2341 3295 7002 1807 3462 8454 4814 2423 9248 6654 6517 7227 0 1825 2772 4576 8149 1773 3483 4297
3914 6601 9871 4994 2382 3744 7451 1848 3503 8903 5263 2464 9697 7103 6966 7676 1825 0 3221 4617 8598 2222 3524 4746
5269 4004 7274 2397 3737 1147 4854 3203 4858 6306 2666 3819 7100 4506 4369 5079 2772 3221 0 5972 6001 1411 4879 2149
1161 9352 12622 7745 3197 6495 10202 3811 2066 11654 8014 4087 12448 9854 9717 10427 4576 4617 5972 0 11349 4973 2563 7497
10646 3825 1601 4988 9114 5674 1665 8580 10235 1435 3993 9196 1427 3341 2958 1322 8149 8598 6001 11349 0 6788 10256 4222
4270 4791 8061 3184 2738 1934 5641 2204 3859 7093 3453 2820 7887 5293 5156 5866 1773 2222 1411 4973 6788 0 3880 2936
1860 8259 11529 6652 2104 5402 9109 2718 1449 10561 6921 2994 11355 8761 8624 9334 3483 3524 4879 2563 10256 3880 0 6404
6794 2225 5495 1136 5262 1822 3075 4728 6383 4527 887 5344 5321 2727 2590 3300 4297 4746 2149 7497 4222 2936 6404 0
