32
0 1052 1840 1905 1063 1478 1331 1163 1857 1341 1744 1633 1130 1414 1760 1957 1742 1747 1206 1055 1944 1435 1531 1838 1212 1793 1449 1641 2018 1882 1867 1557 
1052 0 1044 1504 1836 1312 1399 1651 1600 1952 1205 1681 1284 2040 1508 1426 1453 2031 1357 1467 1310 1849 1599 1870 1594 1450 1487 2022 1042 1723 1219 1825 
1840 1044 0 1060 1490 1225 1779 1413 1387 1830 1823 1059 1995 1236 1068 1041 1252 1648 1174 1958 1495 1188 1985 1536 1929 1819 1456 2006 1915 1230 1850 1787 
1905 1504 1060 0 1129 2048 1735 1552 1262 1951 1366 1260 2024 1554 1777 1992 1575 1932 1841 1086 1521 1459 1711 1553 1271 1164 1221 1709 1253 1433 1697 1687 
1063 1836 1490 1129 0 1301 1394 1073 1630 1220 1831 2032 2046 1988 1170 1846 1535 1497 1106 1074 1686 1868 1671 1712 1945 1901 1966 1348 1473 1919 1339 1235 
1478 1312 1225 2048 1301 0 1877 1547 1513 1317 1984 1092 1954 1613 1192 1555 1784 1582 1343 1207 1198 1277 2013 1185 1349 1939 2034 1569 1137 2023 1678 1856 
1331 1399 1779 1735 1394 1877 0 1770 1024 1911 1064 1123 1319 1632 1662 1166 1365 1482 1844 1878 1847 1035 1691 1250 1218 1384 1634 1538 1286 1778 1625 1462 
1163 1651 1413 1552 1073 1547 1770 0 1183 1496 1551 1718 1247 1172 1786 1274 1546 1161 1550 1217 1529 1953 1525 1795 1802 2015 1181 1769 1537 1406 1626 1987 
1857 1600 1387 1262 1630 1513 1024 1183 0 1184 2020 1256 1720 1611 1386 1563 1842 1940 1360 1869 1783 1380 1864 1372 1197 1577 2000 1297 1338 1173 1813 1039 
1341 1952 1830 1951 1220 1317 1911 1496 1184 0 1696 1036 1755 1751 1469 1693 2016 1710 2025 1101 1234 1872 1069 1070 1100 1675 1320 1148 1871 1257 1425 1810 
1744 1205 1823 1366 1831 1984 1064 1551 2020 1696 0 1968 1743 1102 1621 1893 1381 1667 1439 1839 1970 1287 1272 1518 1488 1081 1698 1973 1122 1477 1767 1916 
1633 1681 1059 1260 2032 1092 1123 1718 1256 1036 1968 0 1162 1124 1441 1480 1057 1609 2030 1663 1702 1403 1222 1113 1199 1028 1978 1489 1417 1539 1165 1452 
1130 1284 1995 2024 2046 1954 1319 1247 1720 1755 1743 1162 0 1359 1061 1405 1694 1724 1362 1171 1322 1888 1152 1395 1785 1025 1646 1448 1644 2047 1066 1091 
1414 2040 1236 1554 1988 1613 1632 1172 1611 1751 1102 1124 1359 0 1706 1062 1304 1545 1294 1595 1483 1458 1816 1498 1232 1364 1664 1608 1771 1404 1800 1191 
1760 1508 1068 1777 1170 1192 1662 1786 1386 1469 1621 1441 1061 1706 0 1896 1673 1562 1176 1445 1716 1033 1308 1408 1707 1523 1108 1591 1979 1154 1282 2037 
1957 1426 1041 1992 1846 1555 1166 1274 1563 1693 1893 1480 1405 1062 1896 0 1475 1914 1738 1721 1602 1659 1423 1210 1214 1736 1580 1213 1717 1980 1993 1180 
1742 1453 1252 1575 1535 1784 1365 1546 1842 2016 1381 1057 1694 1304 1673 1475 0 1757 1238 1040 1817 1280 1056 1075 1934 1231 1822 1788 1254 1111 1833 1440 
1747 2031 1648 1932 1497 1582 1482 1161 1940 1710 1667 1609 1724 1545 1562 1914 1757 0 1325 1592 1526 1078 1125 1204 1135 1240 1581 1732 1930 1314 1048 1336 
1206 1357 1174 1841 1106 1343 1844 1550 1360 2025 1439 2030 1362 1294 1176 1738 1238 1325 0 1407 1143 1084 1227 1578 1429 1890 1374 2026 1187 1617 1517 1971 
1055 1467 1958 1086 1074 1207 1878 1217 1869 1101 1839 1663 1171 1595 1445 1721 1040 1592 1407 0 1038 1145 1242 1748 1876 1862 1437 1734 1924 1112 1589 1388 
1944 1310 1495 1521 1686 1198 1847 1529 1783 1234 1970 1702 1322 1483 1716 1602 1817 1526 1143 1038 0 1959 1596 1997 1392 1556 1505 1156 1454 1132 2007 1969 
1435 1849 1188 1459 1868 1277 1035 1953 1380 1872 1287 1403 1888 1458 1033 1659 1280 1078 1084 1145 1959 0 1962 1442 1759 1098 1491 1947 1637 1411 1211 1522 
1531 1599 1985 1711 1671 2013 1691 1525 1864 1069 1272 1222 1152 1816 1308 1423 1056 1125 1227 1242 1596 1962 0 1827 1149 1772 1650 1964 1045 1705 1275 1352 
1838 1870 1536 1553 1712 1185 1250 1795 1372 1070 1518 1113 1395 1498 1408 1210 1075 1204 1578 1748 1997 1442 1827 0 1302 1153 1077 1688 1797 1695 1674 1263 
1212 1594 1929 1271 1945 1349 1218 1802 1197 1100 1488 1199 1785 1232 1707 1214 1934 1135 1429 1876 1392 1759 1149 1302 0 1355 1982 1638 1419 2019 1811 1584 
1793 1450 1819 1164 1901 1939 1384 2015 1577 1675 1081 1028 1025 1364 1523 1736 1231 1240 1890 1862 1556 1098 1772 1153 1355 0 1224 2045 1307 1261 1096 1265 
1449 1487 1456 1221 1966 2034 1634 1181 2000 1320 1698 1978 1646 1664 1108 1580 1822 1581 1374 1437 1505 1491 1650 1077 1982 1224 0 1573 1657 1264 1936 1879 
1641 2022 2006 1709 1348 1569 1538 1769 1297 1148 1973 1489 1448 1608 1591 1213 1788 1732 2026 1734 1156 1947 1964 1688 1638 2045 1573 0 1990 1139 1201 1278 
2018 1042 1915 1253 1473 1137 1286 1537 1338 1871 1122 1417 1644 1771 1979 1717 1254 1930 1187 1924 1454 1637 1045 1797 1419 1307 1657 1990 0 1942 1803 2005 
1882 1723 1230 1433 1919 2023 1778 1406 1173 1257 1477 1539 2047 1404 1154 1980 1111 1314 1617 1112 1132 1411 1705 1695 2019 1261 1264 1139 1942 0 1737 1763 
1867 1219 1850 1697 1339 1678 1625 1626 1813 1425 1767 1165 1066 1800 1282 1993 1833 1048 1517 1589 2007 1211 1275 1674 1811 1096 1936 1201 1803 1737 0 1843 
1557 1825 1787 1687 1235 1856 1462 1987 1039 1810 1916 1452 1091 1191 2037 1180 1440 1336 1971 1388 1969 1522 1352 1263 1584 1265 1879 1278 2005 1763 1843 0 
