21
0 728 556 502 699 580 735 767 660 674 445 459 647 746 547 713 657 549 705 638 771 
728 0 747 488 819 516 681 719 656 591 470 808 484 529 740 479 722 526 489 574 486 
556 747 0 644 833 554 581 531 672 467 658 454 729 594 852 624 632 623 609 464 476 
502 488 644 0 462 652 865 753 789 645 643 695 465 548 491 841 618 831 782 827 857 
699 819 833 462 0 678 872 715 551 639 843 871 772 862 849 559 553 629 608 514 698 
580 516 554 652 678 0 607 473 805 854 565 606 596 610 677 866 463 582 709 622 665 
735 681 581 865 872 607 0 646 785 669 499 696 778 838 447 590 615 720 585 455 791 
767 719 531 753 715 473 646 0 527 515 524 675 636 830 501 703 801 777 537 564 595 
660 656 672 789 551 805 785 527 0 757 497 878 683 561 780 832 633 478 755 655 513 
674 591 467 645 639 854 669 515 757 0 867 787 744 882 725 511 605 485 602 662 480 
445 470 658 643 843 565 499 524 497 867 0 664 741 668 804 592 760 821 603 864 550 
459 808 454 695 871 606 696 675 878 787 664 0 619 653 654 693 597 875 754 825 694 
647 484 729 465 772 596 778 636 683 744 741 619 0 520 579 570 621 555 541 640 441 
746 529 594 548 862 610 838 830 561 882 668 653 520 0 519 815 569 584 737 788 614 
547 740 852 491 849 677 447 501 780 725 804 654 579 519 0 634 881 850 796 566 544 
713 479 624 841 559 866 590 703 832 511 592 693 570 815 634 0 836 697 711 748 601 
657 722 632 618 553 463 615 801 633 605 760 597 621 569 881 836 0 880 761 690 540 
549 526 623 831 629 582 720 777 478 485 821 875 555 584 850 697 880 0 667 578 724 
705 489 609 782 608 709 585 537 755 602 603 754 541 737 796 711 761 667 0 545 792 
638 574 464 827 514 622 455 564 655 662 864 825 640 788 566 748 690 578 545 0 837 
771 486 476 857 698 665 791 595 513 480 550 694 441 614 544 601 540 724 792 837 0 
